2926463560
3293696283
3285059963
3292526464
3272888433
3289052172
3293418159
2910385571
18067057
3298185252
3300592469
3289994537
3292414231
3294129000
3293556605
3296002522
3294280537
3291939383
3293268511
3293989403
3296628290
3293544685
3295410341
3211299807
3302564979
3298281562
3297656494
3300855816
3300969167
3296431134
3283371955
3297896467
4064199
3293701782
3296195872
3294935958
3294384968
3273113124
3292584227
2907688251
3296946398
3291839125
3290356010
3274068864
3297110390
2883904756
3293453814
3293459043
3300052433
50433318
3288116787
3301782097
3289994007
3289830371
3282249472
3278882768
3280742757
2933247597
3278479687
3285339002
157528970
782386
35048379
3281727618
3297319599
3277535854
2952490639
3293034954
3291274073
3298589930
3286164564
3297808185
3302419669
3274633006
3279589795
3262756574
3288889528
3204454924
3283445692
3275730520
3264588672
3287755121
3281632458
3294729240
3300095135
2380322
3288063514
3301190932
3284877735
3292009002
3281032897
3284016846
3298021154
3230313222
3290131586
3278889060
3300075168
3276366651
3286598102
3281672943
3254382453
16139202
3299017710
3255578167
3273003127
3279505119
3284385466
3287104376
3278554713
3299193628
3275651850
3278477527
3281845371
2901269663
3184441666
5130367
20515419
65095286
97291733
20425291
4055391
2882978452
2961350117
3178751915
51714503
26620590
2914312535
3296009027
72851567
2885434019
3247296469
3236328098
3248988261
3299536915
3155850132
3297653642
3299590917
3033177571
3278131087
3281741825
3283801184
3298855794
3293326030
3297240546
2875820786
2878434176
3295190446
3294545499
3301307370
3300960259
23259078
3300241010
3300171563
3300083264
3300058739
3299865267
3298268245
907393
3298648585
56143206
3048528641
3293655321
3289452009
3267858679
3289452009
3267858679
3294545499
3295190446
3267468321
3291897386
3284054418
3292775562
3300054177
2854725419
80392575
3283523591
3299591923
2900975696
3236155557
2927162160
3049316707
3284856096
3283364669
3049316707
3293074864
3054157831
3290521946
41699854
3265119611
8436161
19062902
22005817
43992899
2517343498
2939466113
3179742986
3272890820
3274071299
3274069408
3281118501
3281522788
3284855181
43184860
3287793397
3288691777
3288881490
3292093891
3243209813
3294782914
3295853752
3296066343
3233509020
3297929444
3297220562
3262366291
3299992945
3301406329
3301650633
3299515827
2950488028
3273209197
3290105802
3289042125
3300015597
14770447
3292509605
3293743679
9580160
3286938724
7198128
3279081963
3301203576
14676898
3301259329
3300624460
270051259
3298523580
3301244156
3301297532
3301323104
3299902786
3300036977
2885249409
3301366133
3248757816
3295339330
3294010846
3292263096
3301244156
3300547733
3301893673
3301863616
3302459976
3302426588
3299137141
3287346640
3302121609
3299752947
3299696978
3039433092
3208593509
3287527487
2947140883
3300097241
3297511677
6339446
3300252265
3258520980
3252638482
7949832
22864196
3252638482
3301074436
3300546278
3297946324
3297884383
3298260241
3297381782
3293083216
3223084069
3297745073
11816195
3298146234
3298459662
3039433092
3298825631
3298927501
3065013724
17455645
3298634245
3208355077
3297484744
3217995211
3289042888
3299308397
3299547344
3295707933
3296897842
3294256582
3250880988
3297021786
3244493633
68965244
3286122501
3297682798
3284846306
89314451
14676898
3294146945
3178839964
3230686158
3301556945
3299403446
3069931817
3297765502
3190758631
3222432200
3293766745
3294667147
3295431929
3176450103
3294122781
3282216085
3296151009
3295986566
3292711888
3292711888
3292853603
3293316163
3293295644
3286740855
3293340577
3294037119
3299877828
3300363751
3295961229
3298347599
3298584121
3293175157
3276756407
3299279633
3257028186
3296878752
3294266502
3288672117
3297717288
3293762205
11113353
3297213924
3293175286
3294501170
3293701305
3294824699
2956405618
3294012792
3294813008
7750319
3261723193
2880018835
3293779023
3294483588
3289080826
3290160662
3248264373
3161785237
3293452717
3293569345
3293760150
3124402390
2875467465
3294013701
3294384293
3294173677
3253430181
84323713
3276484013
3301771909
3301889352
3299106326
3252727992
3271157511
3138479491
3300275070
3250627406
3115025769
3301185728
2854142538
3295999347
2956705589
3249807056
3291723666
2262858
3298074757
2860031772
22485145
3295352883
3298932104
3299009005
6487258
3299419135
3281196278
3296574698
2994321194
3297231691
57218767
3297647903
3297819127
3298031600
3295739821
3290297992